example 1:
   0   1   2   3   4   5   6   7   8   9  10
   1   0   6   6   6   6   6   6   6   6   6
   2   0   6   6   9   9   9   9   9   9   9
   3   0   6   6   9   9   9   9  11  11  14
   4   0   6   6   9   9   9  10  11  13  14
   5   0   6   6   9   9  12  12  15  15  15

15
1  1  0  0  1

example 2:
   0   1   2   3   4   5   6   7   8   9  10  11  12  13  14  15  16  17  18  19  20  21  22  23  24  25  26  27  28  29  30  31  32  33  34  35  36  37  38  39  40  41  42  43  44  45  46  47  48  49  50
   1   0   0   0   0  12  12  12  12  12  12  12  12  12  12  12  12  12  12  12  12  12  12  12  12  12  12  12  12  12  12  12  12  12  12  12  12  12  12  12  12  12  12  12  12  12  12  12  12  12  12
   2   0   0   0   0  12  12  12  12  12  12  12  12  12  12  30  30  30  30  30  42  42  42  42  42  42  42  42  42  42  42  42  42  42  42  42  42  42  42  42  42  42  42  42  42  42  42  42  42  42  42
   3   0   0   0   0  12  12  12  12  12  12  12  12  12  12  30  30  30  30  30  42  42  42  42  42  44  44  44  44  44  56  56  56  56  56  56  56  56  56  56  74  74  74  74  74  86  86  86  86  86  86
   4   0   0   0   0  12  12  12  12  12  12  12  12  12  12  30  30  30  30  30  42  42  42  42  42  44  44  46  46  46  56  56  58  58  58  58  58  58  58  58  74  74  76  76  76  86  86  88  88  88  88
   5   0   0   0   0  12  12  12  12  12  12  12  12  12  12  30  30  30  30  30  42  42  42  42  42  44  44  46  46  46  56  56  58  58  58  62  62  62  62  62  74  74  76  76  76  86  86  88  88  88  92

92
1  1  0  0  1


example 1:
cw= 0,cp=0,bestp=0
cw= 2,cp=6,bestp=0
cw= 4,cp=9,bestp=0
cw= 10,cp=14,bestp=0
cw= 10,cp=14,bestp=0
cw= 4,cp=9,bestp=14
cw= 9,cp=13,bestp=14
cw= 4,cp=9,bestp=14
cw= 2,cp=6,bestp=15
cw= 8,cp=11,bestp=15
cw= 8,cp=11,bestp=15
cw= 2,cp=6,bestp=15
cw= 7,cp=10,bestp=15
cw= 2,cp=6,bestp=15
cw= 0,cp=0,bestp=15
cw= 2,cp=3,bestp=15
cw= 8,cp=8,bestp=15
cw= 8,cp=8,bestp=15
cw= 2,cp=3,bestp=15
cw= 7,cp=7,bestp=15
cw= 2,cp=3,bestp=15
cw= 0,cp=0,bestp=15
cw= 6,cp=5,bestp=15
cw= 6,cp=5,bestp=15
cw= 0,cp=0,bestp=15
cw= 5,cp=4,bestp=15
cw= 0,cp=0,bestp=15
15

example 2:
cw= 0,cp=0,bestp=0
cw= 5,cp=12,bestp=0
cw= 20,cp=42,bestp=0
cw= 45,cp=86,bestp=0
cw= 45,cp=86,bestp=0
cw= 20,cp=42,bestp=86
cw= 47,cp=88,bestp=86
cw= 20,cp=42,bestp=88
cw= 5,cp=12,bestp=92
cw= 30,cp=56,bestp=92
cw= 30,cp=56,bestp=92
cw= 5,cp=12,bestp=92
cw= 32,cp=58,bestp=92
cw= 5,cp=12,bestp=92
cw= 0,cp=0,bestp=92
cw= 15,cp=30,bestp=92
cw= 40,cp=74,bestp=92
cw= 40,cp=74,bestp=92
cw= 15,cp=30,bestp=92
cw= 42,cp=76,bestp=92
cw= 15,cp=30,bestp=92
cw= 0,cp=0,bestp=92
cw= 25,cp=44,bestp=92
cw= 25,cp=44,bestp=92
cw= 0,cp=0,bestp=92
cw= 27,cp=46,bestp=92
cw= 0,cp=0,bestp=92
92